9020,4[2,0,5,14,10,4,3,13,1]
7805,5[13,3,12,12,0,9,7,10,6,1]
7075,5[3,2,4,9,7,0,1,5,6,14]
7679,4[0,4,14,1,3,12,5,10]
6356,3[7,3]
6874,5[14,0,4,10,9,3]
4715,4[9]
4784,5[11]
4321,3[5,3,8,9]
6469,5[7,6,6,14,12,5,2]
4838,4[1,2]
4103,3[14]
5904,5[5,4,6]
5775,3[10,14,14,8,7,3,4]
7070,4[1,4,6,11,13,3,2,5,14]
4605,3[6,10,1,8,7,3,3]
7484,4[11,5,14,2,6,7,8,1,0]
5706,4[7,5,5,6,2,12,9,13]
5628,3[8,5,6]
5842,3[14,10]
6451,5[9,9,10,4,12]
7622,4[9,0,6,3]
9169,3[5,3,4,10,10,8,2,0,14,7]
5425,3[3,13,7,5,10]
8852,4[9,6,3,12,8,13,1,0,2,7]
8865,3[14,8,4,13,2,5,6,0,11,9]
8562,5[1,0,12,10,11,7,3,5,5]
5318,4[6,2]
6294,4[3,5,12,14,6,1,9,8]
6047,4[1,7,9,8,6,13]
4674,5[13,7]
6447,4[11,0]
5352,3[7,11,3]
4442,3[2]
5574,5[13,9,9,6,2,8]
6172,5[8,9,14,10,12,11,13]
4596,4[13,2]
5301,4[9,6,0,3,5,10]
7887,3[11,12,6,13,10,0,9]
8350,5[7,7,6,13,10,0,12,5]
5195,3[12,3,1]
7963,4[0,1,1,4]
5387,5[3,12]
6650,3[7,11,12,9,3,1,10,14,5]
5609,4[3,5,4,13,6,6,14]
5443,5[12,8,13]
6887,5[14,2,6,5,3,8,9,4,12,13]
5800,5[12,2,6,5,7,8,11,1]
5599,4[7,14,13,9,4,10,11]
8588,5[5,3,13,11,14,0,7,9,8]
5338,5[7,8,6]
6672,5[0,10,4,9,14,13,6]
4618,5[13]
5860,5[4,1,12,11,8,8,9,2,13,3]
6901,3[7,8,14,5,3,1,4,9]
5686,4[1,9,7,8,4,13,13,12]
7199,5[1,11,9,0,12,14,14,3]
5508,3[4,1]
6012,5[0,3]
4958,3[1,13]
4720,4[9]
5845,5[2,10,1,1,11,4,3,9]
6060,4[8,4,4,10,1,11,6,12,13]
5295,5[6,9]
7290,4[6,6,9,14,10,10,1,4,2]
4822,5[1,7]
6510,5[5,3,10,9,12,1,7,8,8,4]
6935,3[11,12,4,0,8,1,13,2]
5649,4[9,8,11,3]
4787,5[1,9,7]
7317,5[3,0,8,12,1,11,4,9]
5802,5[7,4,6,12]
4707,5[4,13,1]
5454,4[2,6]
5031,5[1,4,13]
4449,5[12]
4994,5[11]
7070,3[4,13,1,5,3,6,6,8,0]
6495,3[6,12,14,9,8,1,11]
6182,5[11,1,5,12,3,14,6,13,13,7]
6201,3[11,9,13,13,5,3,3,4,7,6]
5089,5[8,10]
6288,3[1,8,7,10,11,2,9,12,5]
5864,5[3,3,8,6,7,10,12,2]
7141,5[0,5]
7491,4[4,6,3,0,13,1]
5352,5[14,11,10,3]
8122,5[14,5,1,0,0,9,7]
5067,4[10,6]
5946,4[12,5,2,3,3,14,1]
5189,3[2,13,10,1,3]
6724,3[7,11,8,0,6,3]
5324,3[7,13,2,8,1]
7264,5[2,11,1,3,14,4,5,9,12,10]
5241,3[10,9,3]
6045,3[3,14,7,1,10,11]
5396,4[8,11,11]
4947,5[11,11,13]
6294,5[11,8,10,14,14,3]
5545,4[11,9,12,5,8,3]
8417,5[3,0,13,13,4,12,14,11]
7720,4[8,0,2,7,4]
5104,3[5,12,2]
4168,4[13,5,9]
5943,3[11,5,5,14,6]
6176,4[7,9,4,12,1,1,11,14]
6777,3[2,4,11,9,10,7,0]
5132,4[14,2,9]
6786,5[1,4,0,6,9,13,3,11,11,7]
7403,4[3,10,14,14,4,0,5]
5141,4[8,10,4,6]
6910,4[0,8,10,13,14]
